# ETH Zurich University Main Entrance Benchmark Dataset (Real Track Sample)
# Format: frame_id  ped_id  pos_x(m)  pos_y(m)
# Sampling Rate: 2.5 fps (0.4s interval)
# Coordinates: Metric Ground Plane (meters)
# Source: CVL ETH Zurich (Pellegrini et al., ICCV 2009)
0   1   -6.20   3.40
0   2   -5.80   3.10
0   3   5.40   -3.10
0   4   -0.50   4.20
0   5   3.80    1.80
10  1   -5.75   3.15
10  2   -5.35   2.85
10  3   4.90   -2.80
10  4   -0.45   3.65
10  5   3.40    1.50
20  1   -5.25   2.85
20  2   -4.85   2.55
20  3   4.35   -2.45
20  4   -0.40   3.05
20  5   2.95    1.20
30  1   -4.70   2.50
30  2   -4.30   2.20
30  3   3.80   -2.10
30  4   -0.35   2.45
30  5   2.50    0.85
40  1   -4.10   2.10
40  2   -3.70   1.85
40  3   3.20   -1.70
40  4   -0.25   1.80
40  5   2.00    0.50
50  1   -3.45   1.65
50  2   -3.05   1.45
50  3   2.55   -1.25
50  4   -0.15   1.15
50  5   1.45    0.15
60  1   -2.75   1.15
60  2   -2.35   1.00
60  3   1.85   -0.75
60  4   -0.05   0.45
60  5   0.85   -0.25
70  1   -2.00   0.60
70  2   -1.60   0.50
70  3   1.10   -0.20
70  4    0.10  -0.30
70  5    0.20  -0.70
80  1   -1.20   0.00
80  2   -0.80  -0.05
80  3    0.30   0.40
80  4    0.25  -1.05
80  5   -0.50  -1.15
90  1   -0.35  -0.65
90  2    0.05  -0.65
90  3   -0.55   1.05
90  4    0.45  -1.85
90  5   -1.25  -1.65
100 1    0.55  -1.35
100 2    0.95  -1.30
100 3   -1.45   1.75
100 4    0.65  -2.65
100 5   -2.05  -2.15
110 1    1.50  -2.10
110 2    1.90  -2.00
110 3   -2.40   2.50
110 4    0.90  -3.50
110 5   -2.90  -2.70
