# Stanford Drone Dataset (SDD - Coupa Cafe Plaza Sample)
# Format: frame_id  ped_id  pos_x(m)  pos_y(m)
# Source: Stanford Vision and Learning Lab (Robicquet et al., ECCV 2016)
0   501  -4.50  -3.20
0   502  -4.10  -3.50
0   503   3.80   3.10
0   504  -3.20   2.80
10  501  -4.00  -2.75
10  502  -3.60  -3.05
10  503   3.30   2.65
10  504  -2.70   2.45
20  501  -3.48  -2.28
20  502  -3.08  -2.58
20  503   2.78   2.18
20  504  -2.18   2.08
30  501  -2.95  -1.80
30  502  -2.55  -2.10
30  503   2.25   1.70
30  504  -1.65   1.70
40  501  -2.40  -1.30
40  502  -2.00  -1.60
40  503   1.70   1.20
40  504  -1.10   1.30
50  501  -1.82  -0.78
50  502  -1.42  -1.08
50  503   1.12   0.68
50  504  -0.52   0.88
60  501  -1.22  -0.25
60  502  -0.82  -0.55
60  301   0.52   0.15
60  504   0.08   0.45
70  501  -0.60   0.30
70  502  -0.20   0.00
70  301  -0.10  -0.40
70  504   0.70   0.00
80  501   0.05   0.85
80  502   0.45   0.55
80  301  -0.75  -0.95
80  504   1.35  -0.45
90  501   0.72   1.42
90  502   1.12   1.12
90  301  -1.42  -1.52
90  504   2.02  -0.92
100 501   1.40   2.00
100 502   1.80   1.70
100 301  -2.10  -2.10
100 504   2.70  -1.40
