# UCY Zara-01 Shopping Corridor Benchmark Dataset (Two-Way Street Flow)
# Format: frame_id  ped_id  pos_x(m)  pos_y(m)
# Sampling Rate: 2.5 fps (0.4s interval)
# Coordinates: Metric Ground Plane (meters)
# Source: Department of Computer Science, University of Cyprus (Lerner et al., 2007)
0   101  -7.50   1.20
0   102  -6.80   1.50
0   103  -6.10   0.90
0   201   7.20  -1.10
0   202   6.50  -1.40
0   301   0.20   3.60
10  101  -6.85   1.22
10  102  -6.15   1.52
10  103  -5.45   0.91
10  201   6.50  -1.12
10  202   5.80  -1.41
10  301   0.18   3.05
20  101  -6.18   1.25
20  102  -5.48   1.53
20  103  -4.78   0.93
20  201   5.78  -1.15
20  202   5.08  -1.43
20  301   0.15   2.50
30  101  -5.50   1.28
30  102  -4.80   1.55
30  103  -4.10   0.95
30  201   5.05  -1.18
30  202   4.35  -1.45
30  301   0.12   1.92
40  101  -4.80   1.30
40  102  -4.10   1.56
40  103  -3.40   0.98
40  201   4.30  -1.20
40  202   3.60  -1.48
40  301   0.10   1.35
50  101  -4.10   1.32
50  102  -3.40   1.58
50  103  -2.70   1.00
50  201   3.55  -1.22
50  202   2.85  -1.50
50  301   0.08   0.75
60  101  -3.38   1.33
60  102  -2.68   1.59
60  103  -1.98   1.02
60  201   2.78  -1.23
60  202   2.08  -1.51
60  301   0.05   0.15
70  101  -2.65   1.35
70  102  -1.95   1.60
70  103  -1.25   1.03
70  201   2.00  -1.25
70  202   1.30  -1.52
70  301   0.02  -0.45
80  101  -1.90   1.36
80  102  -1.20   1.61
80  103  -0.50   1.05
80  201   1.20  -1.26
80  202   0.50  -1.53
80  301   0.00  -1.05
90  101  -1.15   1.37
90  102  -0.45   1.62
90  103   0.25   1.06
90  201   0.40  -1.27
90  202  -0.30  -1.54
90  301  -0.02  -1.68
100 101  -0.38   1.38
100 102   0.32   1.63
100 103   1.02   1.08
100 201  -0.42  -1.28
100 202  -1.12  -1.55
100 301  -0.05  -2.30
110 101   0.40   1.39
110 102   1.10   1.64
110 103   1.80   1.10
110 201  -1.25  -1.30
110 202  -1.95  -1.56
110 301  -0.08  -2.95
120 101   1.20   1.40
120 102   1.90   1.65
120 103   2.60   1.12
120 201  -2.10  -1.31
120 202  -2.80  -1.57
120 301  -0.10  -3.60
